9
12
0 1 20
1 2 20
2 5 20
5 8 20
8 7 20
7 6 20
6 3 20
3 0 20
1 4 10
4 3 10
4 5 10
4 7 10


This graph represents a square:

         20         20
    0 -------- 1 -------- 2
    |          |          |
    |          |          |
 20 |          | 10       | 20
    |          |          |
    |    10    |    10    |
    3 -------- 4 -------- 5
    |          |          |
    |          |          |
 20 |          | 10       | 20
    |          |          |
    |          |          |
    6 -------- 7 -------- 8
         20         20
